0.0001910000000000002  458
0.000283000000000002 512 509 458
0.0003480000000000011 512 509 459
0.0004080000000000021 513 509 460
0.00046799999999999967 512 509 459
0.0005190000000000021 512 508 4
0.0005770000000000011 513 509 458
0.0006350000000000001 513 509 459
0.0006940000000000002 512 509 457
0.0007530000000000002 512 509 459
0.0008109999999999992 512 510 458
0.0008690000000000017 512 509 458
0.0009270000000000007 512 509 459
0.0009849999999999998 513 509 460
0.0010429999999999988 512 509 459
0.001169 512 508 459
0.0015779999999999995 513 509 458
0.0020230000000000005 512 509 458
0.002622000000000003 512 509 459
0.0032610000000000035 513 509 458
0.004413999999999998 512 509 459
0.005422 512 509 458
0.0065210000000000025 513 510 459
0.0075350000000000035 513 509 457
0.008503 512 510 459
0.009821 513 509 459
0.010904 513 509 460
0.011864000000000003 513 509 458
0.012961999999999998 512 509 458
0.013963 513 510 459
0.014927 512 509 459
0.015887000000000002 513 510 457
0.01699 513 509 458
0.017956999999999997 512 509 459
0.018924 513 509 460
0.02002 512 510 459
0.021047 511 509 460
0.022015999999999997 513 509 459
0.023410999999999998 512 510 459
0.024399 512 509 459
0.025332000000000004 513 510 460
0.026272 513 510 458
0.027413000000000003 512 509 460
0.028385999999999998 513 509 459
0.029304 512 510 459
0.030410000000000003 511 509 460
0.031436000000000006 512 509 458
0.032395999999999994 513 510 458
0.033498 512 509 459
0.034497 512 508 459
0.03551 513 510 459
0.036948999999999996 512 510 459
0.037949 512 509 460
0.038895 513 510 459
0.039876999999999996 512 509 460
0.040934 512 509 458
0.041938 513 510 457
0.042851 512 509 457
0.043322 513 509 459
0.04413299999999999 512 509 459
0.045235 512 510 459
0.04644999999999999 512 509 460
0.04757 513 509 458
0.048691 512 510 459
0.049733 512 509 459
0.050871 513 510 459
0.051881 512 510 459
0.05286299999999999 512 509 459
0.053886 513 509 459
0.05492899999999999 512 510 459
0.055841 512 510 461
0.056823 512 509 460
0.05774499999999999 513 510 460
0.05864699999999999 511 509 461
0.059655 512 509 457
0.060572 513 510 458
0.061563999999999994 512 509 461
0.06244999999999999 512 509 459
0.063445 512 509 459
0.06455 512 509 459
0.06545 512 509 460
0.066442 513 509 460
0.067371 512 509 461
0.068312 512 509 460
0.069436 512 509 459
0.070572 512 510 460
0.07164 512 509 459
0.072377 513 510 459
0.07320299999999999 512 509 460
0.073947 512 508 459
0.074707 513 509 459
0.075556 513 510 458
0.076338 512 509 459
0.077111 513 509 457
0.077996 513 510 460
0.078582 512 509 461
0.07937999999999999 513 509 458
0.080205 512 509 459
0.08087699999999999 512 509 460
0.08147 512 509 458
0.08225 512 510 458
0.08320899999999999 512 509 459
0.084158 513 509 459
0.08545699999999999 513 511 459
0.086575 511 509 460
0.08769199999999999 513 509 459
0.08867699999999999 513 509 459
0.089525 511 509 460
0.090389 512 510 458
0.091379 513 510 460
0.092079 512 509 458
0.092858 512 509 461
0.093652 513 510 460
0.094517 512 510 458
0.095599 513 509 458
0.096579 513 509 459
0.09742400000000001 512 508 461
0.098329 512 508 460
0.09931699999999999 513 509 461
0.10009399999999999 512 510 459
0.10094600000000001 512 509 460
0.101931 514 510 460
0.102902 511 510 461
0.10374900000000001 512 509 459
0.104716 513 509 459
0.105552 512 510 459
0.1064 512 509 458
0.10730599999999998 513 509 458
0.10842099999999999 512 509 458
0.10918800000000001 512 509 459
0.11028199999999999 513 510 458
0.11119199999999999 513 510 459
0.112008 512 509 459
0.112842 513 509 458
0.113766 513 510 459
0.114533 511 509 460
0.11560499999999999 513 509 460
0.11679 513 510 459
0.11776899999999998 512 510 460
0.118754 512 509 456
0.119535 512 510 458
0.12012999999999999 512 509 459
0.120722 512 509 460
0.12123999999999999 513 509 457
0.121921 512 509 460
0.12265399999999999 513 509 459
0.12375900000000001 513 509 460
0.12454099999999999 511 509 459
0.125634 512 508 460
0.126531 512 509 459
0.127382 512 509 458
0.128139 512 509 461
0.128867 513 509 459
0.129631 512 509 460
0.130404 513 509 460
0.131151 513 509 459
0.131965 513 509 459
0.132961 513 509 459
0.13388 513 510 460
0.134756 512 510 459
0.13574 512 508 458
0.136649 514 509 460
0.137548 513 510 458
0.13855 512 509 459
0.139573 513 509 458
0.14063799999999999 512 509 460
0.14160799999999998 512 509 459
0.142744 512 509 459
0.143712 513 509 458
0.144677 512 509 460
0.145821 514 509 460
0.14682499999999998 513 510 459
0.14779799999999998 512 510 459
0.148898 513 509 459
0.149897 513 510 459
0.150863 511 509 461
0.151966 512 508 459
0.153365 512 510 459
0.154325 512 509 461
0.155226 513 509 458
0.156272 513 509 459
0.157107 511 510 461
0.157855 512 509 459
0.15867799999999999 513 509 458
0.159462 511 509 460
0.160226 513 508 461
0.161059 513 510 459
0.16197 512 510 460
0.162855 512 509 460
0.163733 513 509 459
0.164912 512 509 459
0.16621 512 509 460
0.16730799999999998 513 509 459
0.168384 512 509 460
0.169451 512 509 460
0.17043 513 509 459
0.171508 512 510 460
0.172507 512 509 459
0.173462 513 509 459
0.174511 512 509 460
0.175632 512 509 460
0.17660499999999998 513 509 458
0.177629 512 510 458
0.178912 512 509 460
0.179893 513 509 458
0.180869 513 510 458
0.181975 512 509 460
0.18295 513 509 459
0.18392 513 509 459
0.185026 512 509 460
0.185979 512 509 458
0.186928 513 510 460
0.187888 512 509 457
0.18898 513 509 460
0.189998 512 510 461
0.19122999999999998 512 509 459
0.192294 512 509 459
0.193338 513 510 460
0.19445099999999998 511 509 458
0.195685 513 509 459
0.196664 513 509 458
0.197637 512 510 461
0.198622 513 509 458
0.199766 513 510 461
0.200738 512 510 459
0.201677 512 508 459
0.202783 513 509 459
0.203782 512 509 460
0.204984 513 508 460
0.205838 513 509 459
0.206504 512 509 460
0.207181 512 509 459
0.207805 513 510 460
0.208448 512 509 457
0.209143 512 510 458
0.20986 513 510 459
0.210703 513 510 458
0.211421 512 509 459
0.212217 513 508 458
0.213514 512 510 461
0.214139 512 509 460
0.21441 513 509 459
0.215249 512 510 459
0.216121 512 509 459
0.216701 513 509 458
0.217149 512 509 458
0.217854 511 510 463
0.218493 512 510 460
0.219411 512 509 458
0.220302 512 509 461
0.221189 513 509 460
0.22206099999999998 512 510 458
0.223239 512 510 459
0.22457599999999997 513 509 459
0.225461 513 509 459
0.22672299999999998 511 509 460
0.227695 512 509 459
0.228594 512 509 458
0.22938 512 510 460
0.230469 513 508 459
0.231345 513 510 459
0.23214100000000001 512 509 459
0.23300600000000002 512 508 460
0.233955 513 509 458
0.23476699999999998 512 509 460
0.23582099999999998 512 509 458
0.23673000000000002 513 510 459
0.237766 512 509 459
0.23857599999999998 512 509 460
0.239611 513 509 460
0.240422 513 510 459
0.241295 512 509 460
0.24233999999999997 514 509 457
0.24326499999999998 512 510 460
0.24438000000000001 511 509 458
0.24535700000000002 512 509 459
0.24624700000000002 512 510 459
0.24708499999999997 511 509 459
0.247995 512 509 460
0.249148 512 510 460
0.25020200000000004 512 509 459
0.25100300000000003 513 509 459
0.25210200000000005 512 510 458
0.253062 511 509 459
0.25399700000000003 512 509 460
0.25503400000000004 512 510 459
0.25606900000000005 512 509 461
0.25698600000000005 512 509 461
0.257896 512 510 457
0.25872 512 509 459
0.259599 512 509 459
0.260379 513 509 461
0.26128900000000005 511 509 458
0.262228 512 509 460
0.26301300000000005 514 509 460
0.26382 512 509 459
0.26457600000000003 512 509 460
0.265417 513 509 459
0.266266 512 509 459
0.267477 512 509 460
0.268631 513 509 460
0.26972300000000005 512 509 459
0.27084800000000003 512 509 460
0.271724 513 509 458
0.27262600000000003 512 510 459
0.27369600000000005 512 509 459
0.274565 513 509 460
0.27526300000000004 512 510 459
0.27608000000000005 512 509 459
0.27685800000000005 512 509 457
0.277625 513 509 458
0.27870500000000004 512 509 459
0.279656 512 509 460
0.28070700000000004 513 510 459
0.28178400000000003 511 509 460
0.282779 513 510 459
0.284055 512 510 458
0.28490800000000005 512 509 460
0.28602500000000003 512 508 460
0.28736500000000004 512 509 457
0.28818900000000003 511 509 457
0.28942100000000004 513 509 458
0.29044600000000004 513 509 459
0.29131100000000004 512 509 460
0.29225700000000004 512 508 459
0.293377 513 509 460
0.29439800000000005 512 509 459
0.295316 512 509 458
0.296258 513 509 458
0.29734700000000003 512 509 460
0.29814300000000005 513 509 458
0.29907900000000004 514 510 460
0.299765 512 509 459
0.300418 513 509 461
0.301369 513 509 457
0.302246 512 509 459
0.302958 513 509 460
0.303916 513 509 458
0.30460400000000004 513 509 459
0.305439 512 509 460
0.30622900000000003 513 509 459
0.307032 512 510 459
0.307956 512 509 459
0.30881000000000003 513 509 458
0.30965400000000004 512 511 459
0.31025 512 509 458
0.310896 513 510 459
0.311607 512 509 459
0.312417 511 509 461
0.313186 513 510 457
0.314079 513 509 459
0.31487600000000004 512 509 461
0.315663 513 509 457
0.31624 512 510 459
0.316819 512 509 459
0.317502 513 508 459
0.318388 513 509 458
0.31909800000000005 511 509 460
0.31959200000000004 512 509 460
0.32045 513 510 458
0.32107100000000005 512 510 458
0.321952 513 509 460
0.322745 513 510 460
0.32329100000000005 512 510 459
0.324326 512 509 461
0.32516700000000004 513 510 456
0.325983 513 509 461
0.326882 513 509 460
0.32780800000000004 512 510 457
0.328533 512 510 458
0.32938900000000004 513 509 459
0.330166 513 509 458
0.330967 512 509 460
0.331699 513 508 459
0.33237 512 509 459
0.33310100000000004 513 509 459
0.33354700000000004 512 508 459
0.33390400000000003 513 509 460
0.33443100000000003 513 511 460
0.334953 512 510 459
0.33554100000000003 513 510 459
0.33651800000000004 514 509 460
0.33727500000000005 512 510 459
0.33775200000000005 513 509 461
0.338393 512 509 458
0.33899300000000004 512 509 461
0.33960100000000004 513 509 459
0.340519 513 510 459
0.34106800000000004 511 509 460
0.341793 512 509 461
0.342328 513 510 459
0.342915 511 510 459
0.34347700000000003 512 508 460
0.34405600000000003 513 509 459
0.34488100000000005 512 510 459
0.34579600000000005 512 509 459
0.34680500000000003 513 509 460
0.347409 512 509 460
0.34800000000000003 512 509 460
0.34847 513 509 457
0.349111 513 509 459
0.34980500000000003 512 509 459
0.35048900000000005 513 509 456
0.351034 512 509 459
0.351648 512 509 459
0.35217200000000004 514 509 458
0.35265500000000005 512 509 459
0.35349400000000003 512 509 460
0.35394600000000004 513 509 460
0.35448500000000005 512 510 459
0.35490700000000003 513 509 459
0.35537500000000005 513 509 461
0.355866 512 510 460
0.357186 512 510 460
0.35846700000000004 512 510 457
0.359262 513 510 458
0.359866 512 509 459
0.36042 512 509 459
0.36109800000000003 512 509 459
0.361706 511 509 460
0.362439 512 509 459
0.363202 512 510 458
0.36396 511 509 459
0.36461200000000005 512 509 461
0.365202 513 510 458
0.365769 511 509 461
0.36626600000000004 512 509 460
0.36724500000000004 513 510 458
0.367792 512 510 459
0.36842800000000003 512 509 459
0.36902 514 509 458
0.36952 512 509 459
0.369937 512 509 458
0.37052700000000005 513 509 459
0.371307 513 510 460
0.37207300000000004 512 508 459
0.372719 513 509 457
0.373246 512 509 459
0.373832 512 509 459
0.374498 513 508 458
0.37533900000000003 512 510 459
0.376124 512 509 459
0.37684 513 509 457
0.377691 512 511 459
0.37838900000000003 512 509 459
0.37911100000000003 513 509 458
0.379825 512 510 460
0.38029300000000005 512 510 459
0.380747 513 509 458
0.381282 513 511 458
0.38201100000000004 512 509 459
0.382525 513 509 458
0.382991 513 510 459
0.38350900000000004 512 509 457
0.38416500000000003 513 509 459
0.38480200000000003 513 509 459
0.385373 512 509 459
0.38610500000000003 512 510 458
0.386859 513 510 458
0.387604 512 510 460
0.388405 513 508 459
0.38905500000000004 513 510 458
0.38956300000000005 511 510 461
0.390114 512 509 460
0.39076000000000005 513 510 461
0.391428 512 510 459
0.39244700000000005 512 509 459
0.393233 513 509 458
0.39394 512 509 458
0.394649 512 508 457
0.395473 513 509 458
0.396146 512 510 459
0.39676900000000004 513 509 460
0.397535 513 509 458
0.398034 512 510 460
0.39855500000000005 512 509 460
0.39915 513 509 458
0.399749 513 510 460
0.40020500000000003 512 510 459
0.40070300000000003 513 510 460
0.40118200000000004 513 510 459
0.401652 512 510 459
0.40212000000000003 513 509 459
0.402735 513 509 460
0.40319000000000005 512 509 460
0.40364300000000003 513 509 458
0.404144 513 510 459
0.40461400000000003 511 509 459
0.40507400000000005 512 508 458
0.40559100000000003 512 510 459
0.40609 512 509 461
0.40642100000000003 512 510 459
0.40677100000000005 512 511 458
0.407144 512 509 461
0.407548 512 509 461
0.407889 512 510 460
0.40836900000000004 512 510 460
0.40893300000000005 512 509 461
0.409717 513 510 459
0.410544 512 509 459
0.411304 513 509 458
0.41198900000000005 512 510 459
0.412835 512 509 459
0.41352 513 508 458
0.414071 513 509 458
0.414685 512 509 459
0.415418 512 508 459
0.41622800000000004 513 510 460
0.41709500000000005 512 510 460
0.417899 513 509 460
0.4187 513 509 460
0.41941 512 510 459
0.42031 512 509 459
0.421179 513 509 459
0.422039 512 509 459
0.42288800000000004 513 509 459
0.42360600000000004 513 509 459
0.42418100000000003 512 510 458
0.42478200000000005 512 509 460
0.425924 512 509 458
0.42682800000000004 513 510 460
0.42768300000000004 512 509 459
0.429045 513 509 460
0.429829 513 509 460
0.43065600000000004 512 509 460
0.43161700000000003 513 509 459
0.43268 512 510 459
0.43373700000000004 512 509 458
0.434462 513 509 459
0.43549800000000005 512 510 460
0.43631800000000004 512 509 462
0.436989 512 509 459
0.43805700000000003 513 509 460
0.43878500000000004 512 509 459
0.439802 513 508 459
0.440832 514 510 458
0.441576 512 509 461
0.442201 512 508 459
0.44294700000000004 513 510 458
0.44389300000000004 512 510 460
0.44471900000000003 512 509 460
0.44548400000000005 513 509 456
0.44628300000000004 513 510 459
0.44705 513 509 460
0.447772 513 509 459
0.448533 512 510 458
0.449402 512 509 460
0.45023 513 509 457
0.451064 513 510 458
0.451792 512 509 459
0.452531 513 509 459
0.453185 512 510 457
0.45389 512 509 458
0.45441000000000004 513 510 460
0.454869 512 509 459
0.455363 512 509 459
0.45583 512 510 459
0.456303 512 510 459
0.45680400000000004 512 509 461
0.457328 513 509 460
0.458164 512 510 459
0.458861 512 509 458
0.459606 513 510 461
0.460139 513 509 459
0.46053900000000003 511 509 461
0.46122100000000005 512 508 459
0.461919 512 509 457
0.46242300000000003 512 510 461
0.462917 512 508 458
0.463384 513 509 460
0.463837 512 509 459
0.464424 512 508 459
0.46489400000000003 513 509 459
0.46541200000000005 512 510 460
0.46590600000000004 512 509 458
0.466401 513 510 459
0.46687100000000004 512 510 458
0.467322 513 508 460
0.467818 513 509 457
0.46828400000000003 513 510 460
0.468737 513 509 459
0.469233 513 509 457
0.46970100000000004 512 509 460
0.47015500000000005 512 509 460
0.47073700000000007 513 509 458
0.47134200000000004 512 510 458
0.47179800000000005 512 509 459
0.472306 512 509 459
0.47257000000000005 513 510 460
0.47287100000000004 512 509 459
0.4736 512 510 459
0.474538 512 510 459
0.475445 513 509 461
0.47608000000000006 512 509 457
0.476939 512 510 459
0.47801000000000005 512 509 459
0.478776 512 509 458
0.47959000000000007 513 509 459
0.480406 512 509 459
0.481155 513 509 459
0.4820920000000001 513 509 458
0.482955 512 510 458
0.48369700000000004 513 509 459
0.48428400000000005 513 509 459
0.48506000000000005 512 509 460
0.48585200000000006 513 509 459
0.4866400000000001 513 510 459
0.48736999999999997 513 509 460
0.4881960000000001 513 509 459
0.48902200000000007 513 509 457
0.48975 512 509 460
0.490456 513 509 458
0.491182 513 509 458
0.49169000000000007 512 509 459
0.49223400000000006 512 508 459
0.492714 512 509 460
0.493144 512 510 460
0.49365100000000006 512 509 460
0.49410600000000005 512 509 459
0.494567 512 510 459
0.49534100000000003 511 509 460
0.49589400000000006 513 509 458
0.496472 513 510 460
0.49681300000000006 511 509 459
0.49721400000000004 513 510 459
0.49756200000000006 513 510 459
0.49785900000000005 512 509 460
0.498282 512 509 460
0.49860100000000007 513 510 462
0.49890900000000005 511 509 460
0.499216 513 508 458
0.499518 513 510 459
0.499796 512 509 459
0.500071 512 509 458
0.500406 512 510 459
0.5011 512 510 459
0.5016700000000001 513 509 458
0.502194 514 509 459
0.502644 512 509 459
0.503069 512 510 460
0.503553 512 509 458
0.503932 512 509 458
0.504262 512 509 459
0.504573 513 509 459
0.504882 512 509 459
0.505208 512 508 459
0.505487 513 509 459
0.5058210000000001 512 509 460
0.506101 512 508 460
0.506395 513 510 460
0.5067010000000001 512 510 459
0.506988 512 509 460
0.507256 513 509 458
0.507529 512 509 460
0.507846 512 510 459
0.508148 513 509 457
0.508448 512 509 460
0.508775 512 509 458
0.509175 513 509 460
0.5096120000000001 512 510 459
0.510089 512 509 458
0.511285 512 509 458
0.512018 512 510 459
0.512529 512 509 460
0.513023 513 509 459
0.5134690000000001 512 510 458
0.5139170000000001 512 509 459
0.514429 512 509 460
0.514799 512 510 459
0.5151020000000001 511 509 459
0.5154150000000001 512 509 457
0.515695 513 509 460
0.515969 512 509 460
0.516296 512 509 460
0.516699 513 509 459
0.517076 512 509 458
0.517395 512 509 460
0.517709 512 509 459
0.518262 512 509 458
0.518834 512 509 459
0.519445 513 509 459
0.520009 512 509 459
0.520758 512 508 459
0.521439 512 509 457
0.52192 512 509 459
0.52232 512 508 460
0.522802 513 509 460
0.523413 512 509 458
0.524178 512 510 460
0.524764 513 509 459
0.525582 513 510 459
