10   	0.651 0.258
20   	0.734 0.064
25   	0.892 0.033
30   	1.092 0.041
35   	1.458 0.053
40   	2.017 0.134
41   	2.208 0.059
42   	2.259 0.102
42.25	2.133 0.087
42.5 	2.027 0.051
43   	1.872 0.029
45   	1.961 0.038
47.5	2.316 0.028
49	2.644 0.027
50   	3.144 0.042
55	1.930 0.051
57.5	1.063 0.020
60   	0.885 0.031
65	1.080 0.013
67.5	1.453 0.053
70   	1.597 0.024
72.5	1.827 0.055
75	2.226 0.032
77.5	2.604 0.042
80   	2.847 0.045
82.5	2.967 0.048
85	3.018 0.042
87.5	3.240 0.056
90   	3.329 0.081
