#masse_B
#t x 
2.128000000E1 -4.986646521E0 -1.382563630E0
2.131333333E1 -4.954828000E0 -1.320310002E0
2.134666667E1 -4.766683701E0 -1.259439787E0
2.138000000E1 -4.704430072E0 -1.291258308E0
2.141333333E1 -4.578539402E0 -1.198569573E0
2.144666667E1 -4.452648731E0 -1.105880837E0
2.148000000E1 -4.343359028E0 -1.122481805E0
2.151333333E1 -4.234069325E0 -1.139082772E0
2.154666667E1 -4.265887846E0 -1.201336401E0
2.158000000E1 -4.124779621E0 -1.155683740E0
2.161333333E1 -4.171815696E0 -1.170901293E0
2.164666667E1 -4.249286878E0 -1.092046697E0
2.168000000E1 -4.220235185E0 -1.342444625E0
2.171333333E1 -4.032090886E0 -1.281574411E0
2.174666667E1 -4.030707472E0 -1.125248633E0
2.178000000E1 -3.936635322E0 -1.094813525E0
2.181333333E1 -3.733273469E0 -1.080979386E0
2.184666667E1 -3.560346724E0 -9.730730965E-1
2.188000000E1 -3.449673607E0 -8.333482861E-1
2.191333333E1 -3.278130275E0 -8.817677749E-1
2.194666667E1 -3.229710786E0 -7.102244433E-1
2.198000000E1 -2.962711891E0 -5.718830469E-1
2.201333333E1 -2.852038774E0 -4.321582365E-1
2.204666667E1 -2.850655360E0 -2.758324585E-1
2.208000000E1 -2.787018318E0 -1.513252017E-1
2.211333333E1 -2.676345201E0 -1.160039130E-2
2.214666667E1 -2.676345201E0 -1.160039130E-2
2.218000000E1 -2.817453425E0 -5.725305212E-2
2.221333333E1 -2.770417350E0 -4.203549851E-2
2.224666667E1 -2.770417350E0 -4.203549851E-2
2.228000000E1 -3.099669874E0 -1.485583738E-1
2.231333333E1 -3.210342991E0 -2.882831842E-1
2.234666667E1 -3.195125437E0 -3.353192590E-1
2.238000000E1 -3.289197587E0 -3.657543662E-1
2.241333333E1 -3.462124332E0 -4.736606554E-1
2.244666667E1 -3.415088258E0 -4.584431018E-1
2.248000000E1 -3.398487290E0 -3.491533986E-1
2.251333333E1 -3.492559440E0 -3.795885058E-1
2.254666667E1 -3.460740918E0 -3.173348774E-1
2.258000000E1 -3.709755432E0 -1.900607927E-1
2.261333333E1 -3.629517422E0 4.373616728E-2
2.264666667E1 -3.597698901E0 1.059897957E-1
2.268000000E1 -3.581097933E0 2.152794989E-1
2.271333333E1 -3.734656883E0 5.293144688E-1
2.274666667E1 -3.827345619E0 6.552051395E-1
2.278000000E1 -3.763708577E0 7.797123963E-1
2.281333333E1 -3.841179759E0 8.585669923E-1
2.284666667E1 -4.167665454E0 1.064695673E0
2.288000000E1 -4.387628275E0 9.415718301E-1
2.291333333E1 -4.654627170E0 8.032304337E-1
2.294666667E1 -4.968662140E0 6.496714837E-1
2.298000000E1 -5.390603399E0 6.690392792E-1
2.301333333E1 -6.017289925E0 5.182471570E-1
2.304666667E1 -6.111362074E0 4.878120498E-1
2.308000000E1 -6.252470298E0 4.421593890E-1
2.311333333E1 -6.549904301E0 3.978901421E-1
2.314666667E1 -6.909591932E0 3.854394165E-1
2.318000000E1 -7.096352817E0 4.808949800E-1
2.321333333E1 -7.234694213E0 7.478938751E-1
2.324666667E1 -7.404854131E0 9.526391418E-1
2.328000000E1 -7.575014048E0 1.157384409E0
2.331333333E1 -7.651101816E0 1.392564783E0
2.334666667E1 -7.883515362E0 1.629128570E0
2.338000000E1 -8.085493801E0 1.771620209E0
2.341333333E1 -8.255653719E0 1.976365475E0
2.344666667E1 -8.489450679E0 2.056603485E0
2.348000000E1 -8.660994010E0 2.105022974E0
2.351333333E1 -8.770283714E0 2.121623942E0
2.354666667E1 -9.129971344E0 2.109173216E0
2.358000000E1 -9.348550751E0 2.142375151E0
2.361333333E1 -9.521477496E0 2.034468862E0
2.364666667E1 -9.677803274E0 2.035852276E0
2.368000000E1 -9.834129052E0 2.037235690E0
2.371333333E1 -9.958636309E0 2.100872732E0
2.374666667E1 -1.000428897E1 2.241980957E0
2.378000000E1 -9.987688002E0 2.351270660E0
2.381333333E1 -1.008037674E1 2.477161331E0
2.384666667E1 -1.012602940E1 2.618269555E0
2.388166667E1 -1.027958835E1 2.932304525E0
2.391500000E1 -1.043591413E1 2.933687939E0
2.394833333E1 -1.043453071E1 3.090013717E0
2.398166667E1 -1.043453071E1 3.090013717E0
2.401500000E1 -1.060607404E1 3.138433206E0
2.404833333E1 -1.066832767E1 3.170251727E0
