#masse_A
#t x y
2.128000000E1 -1.149183523E1 -5.754394668E0
2.131333333E1 -1.094507424E1 -5.659974097E0
2.134666667E1 -1.018641593E1 -5.455762163E0
2.138000000E1 -9.738467175E0 -5.310837566E0
2.141333333E1 -9.214762378E0 -5.017694629E0
2.144666667E1 -8.678980532E0 -4.761880756E0
2.148000000E1 -8.167352785E0 -4.431408756E0
2.151333333E1 -7.755635178E0 -4.174496969E0
2.154666667E1 -7.132020242E0 -3.807793820E0
2.158000000E1 -6.695050622E0 -3.501475921E0
2.161333333E1 -6.345914090E0 -3.306047296E0
2.164666667E1 -6.132918848E0 -3.072191695E0
2.168000000E1 -5.821111380E0 -2.888840121E0
2.171333333E1 -5.658620165E0 -2.753796746E0
2.174666667E1 -5.521380962E0 -2.668159483E0
2.178000000E1 -5.446722836E0 -2.644005384E0
2.181333333E1 -5.385239673E0 -2.706586460E0
2.184666667E1 -5.323756511E0 -2.769167536E0
2.188000000E1 -5.460995713E0 -2.854804799E0
2.191333333E1 -5.448918663E0 -2.892133862E0
2.194666667E1 -5.562003766E0 -3.052429250E0
2.198000000E1 -5.563101680E0 -3.176493489E0
2.201333333E1 -5.663011819E0 -3.250053702E0
2.204666667E1 -5.676186783E0 -3.336788878E0
2.208000000E1 -5.701438796E0 -3.386194991E0
2.211333333E1 -5.725592895E0 -3.311536864E0
2.214666667E1 -5.688263832E0 -3.299459815E0
2.218000000E1 -5.637759806E0 -3.200647589E0
2.221333333E1 -5.574080816E0 -3.015100187E0
2.224666667E1 -5.535653839E0 -2.878958898E0
2.228000000E1 -5.422568736E0 -2.718663510E0
2.231333333E1 -5.346812697E0 -2.570445171E0
2.234666667E1 -5.196398531E0 -2.398072733E0
2.238000000E1 -5.170048604E0 -2.224602381E0
2.241333333E1 -5.107467528E0 -2.163119218E0
2.244666667E1 -5.131621627E0 -2.088461092E0
2.248000000E1 -5.142600763E0 -1.927067790E0
2.251333333E1 -5.302896152E0 -1.813982687E0
2.254666667E1 -5.352302265E0 -1.788730674E0
2.258000000E1 -5.538947580E0 -1.849115923E0
2.261333333E1 -5.748649081E0 -1.710778807E0
2.264666667E1 -5.935294397E0 -1.771164056E0
2.268000000E1 -6.195499925E0 -1.731639166E0
2.271333333E1 -6.455705452E0 -1.692114275E0
2.274666667E1 -6.715910980E0 -1.652589385E0
2.278000000E1 -6.951962409E0 -1.687722621E0
2.281333333E1 -7.124334847E0 -1.37308455E0
2.284666667E1 -7.384540375E0 -1.497783565E0
2.288000000E1 -7.545933677E0 -1.508762701E0
2.291333333E1 -7.719404029E0 -1.482412774E0
2.294666667E1 -7.731481078E0 -1.445083711E0
2.298000000E1 -7.904951430E0 -1.418733784E0
2.301333333E1 -7.954357543E0 -1.393481771E0
2.304666667E1 -8.153079908E0 -1.416537957E0
2.308000000E1 -8.153079908E0 -1.416537957E0
2.311333333E1 -8.314473210E0 -1.427517093E0
2.314666667E1 -8.463789463E0 -1.475825292E0
2.318000000E1 -8.699840891E0 -1.510958528E0
2.321333333E1 -8.923815269E0 -1.583420827E0
2.324666667E1 -9.147789648E0 -1.655883126E0
2.328000000E1 -9.446422152E0 -1.752499525E0
2.331333333E1 -9.607815454E0 -1.763478661E0
2.334666667E1 -9.682473580E0 -1.787632760E0
2.338000000E1 -9.966833208E0 -1.673449744E0
2.341333333E1 -1.017653471E1 -1.535112628E0
2.344666667E1 -1.027424902E1 -1.360544362E0
2.348000000E1 -1.043454441E1 -1.247459260E0
2.351333333E1 -1.048175470E1 -9.740787683E-1
2.354666667E1 -1.043015276E1 -7.512023035E-1
2.358000000E1 -1.062667929E1 -5.261300115E-1
2.361333333E1 -1.067388958E1 -2.527495202E-1
2.364666667E1 -1.067279167E1 -1.286852812E-1
2.368000000E1 -1.078368094E1 -4.085219161E-2
2.371333333E1 -1.089457022E1 4.698089796E-2
2.374666667E1 -1.105596352E1 3.600176176E-2
2.378000000E1 -1.118002776E1 3.709967538E-2
2.381333333E1 -1.136667307E1 -2.328557370E-2
2.384666667E1 -1.156649335E1 -1.704059987E-1
2.388166667E1 -1.186512586E1 -2.670223972E-1
2.391500000E1 -1.216485627E1 -4.877030348E-1
2.394833333E1 -1.216595419E1 -6.117672738E-1
2.398166667E1 -1.230209548E1 -5.733402971E-1
2.401500000E1 -1.232734749E1 -6.227464100E-1
2.404833333E1 -1.250081784E1 -5.963964831E-1
