#masse_B
#t x y
0.000000000E0 -2.025203472E0 2.702726469E0
3.333333333E-2 -2.105918707E0 2.621099197E0
6.666666667E-2 -2.332468587E0 2.489948340E0
1.000000000E-1 -2.656241564E0 2.325781760E0
1.333333333E-1 -3.013030264E0 2.258838277E0
1.666666667E-1 -3.061641813E0 2.242330416E0
2.000000000E-1 -3.337715278E0 2.257014204E0
2.333333333E-1 -3.484461960E0 2.369833126E0
2.666666667E-1 -3.711923877E0 2.401024776E0
3.000000000E-1 -3.679820190E0 2.466144186E0
3.333333333E-1 -3.712835913E0 2.563367283E0
3.666666667E-1 -3.778867360E0 2.757813476E0
4.000000000E-1 -3.860494631E0 2.838528712E0
4.333333333E-1 -3.942121903E0 2.919243947E0
4.666666667E-1 -3.829302981E0 3.065990628E0
5.000000000E-1 -3.766007644E0 3.358571955E0
5.333333333E-1 -3.669696584E0 3.553930185E0
5.666666667E-1 -3.621997072E0 3.732780554E0
6.000000000E-1 -3.622909109E0 3.895123061E0
6.333333333E-1 -3.510090187E0 4.041869742E0
6.666666667E-1 -3.527510085E0 4.252823797E0
7.000000000E-1 -3.625645218E0 4.382150581E0
7.333333333E-1 -3.723780352E0 4.511477364E0
7.666666667E-1 -3.837511310E0 4.527073189E0
8.000000000E-1 -4.211719909E0 4.671083761E0
8.333333333E-1 -4.439181825E0 4.702275412E0
8.666666667E-1 -4.748271014E0 4.814182297E0
9.000000000E-1 -4.813390424E0 4.846285984E0
9.333333333E-1 -4.943629244E0 4.910493357E0
9.666666667E-1 -5.073868064E0 4.974700731E0
1.000000000E0 -5.040852341E0 4.877477634E0
1.033333333E0 -5.039940304E0 4.715135127E0
1.066666667E0 -5.105059714E0 4.747238814E0
1.100000000E0 -5.023432443E0 4.666523579E0
1.133333333E0 -5.022520406E0 4.504181072E0
1.166666667E0 -4.778550628E0 4.424377873E0
1.200000000E0 -4.696923356E0 4.343662638E0
1.233333333E0 -4.533668813E0 4.182232168E0
1.266666667E0 -4.419025818E0 4.004293836E0
1.300000000E0 -4.386010094E0 3.907070739E0
1.333333333E0 -4.222755551E0 3.745640269E0
1.366666667E0 -4.336486509E0 3.761236094E0
1.400000000E0 -4.303470786E0 3.664012997E0
1.435000000E0 -4.336486509E0 3.761236094E0
1.468333333E0 -4.563948426E0 3.792427744E0
1.501666667E0 -4.727202970E0 3.953858215E0
1.535000000E0 -4.711607144E0 4.067589173E0
1.568333333E0 -4.988592646E0 4.244615468E0
1.601666667E0 -5.103235641E0 4.422553800E0
1.635000000E0 -5.217878636E0 4.600492132E0
1.668333333E0 -5.316013769E0 4.729818916E0
1.701666667E0 -5.380221143E0 4.599580096E0
1.735000000E0 -5.461848415E0 4.680295331E0
1.768333333E0 -5.445340553E0 4.631683782E0
1.801666667E0 -5.671890433E0 4.500532926E0
1.835000000E0 -5.670978397E0 4.338190419E0
1.868333333E0 -5.718677908E0 4.159340050E0
1.901666667E0 -5.766377420E0 3.980489682E0
1.935000000E0 -5.830584794E0 3.850250862E0
1.968333333E0 -5.781061209E0 3.704416217E0
2.001666667E0 -5.845268582E0 3.574177397E0
2.035000000E0 -5.991103227E0 3.524653812E0
2.068333333E0 -6.088326324E0 3.491638089E0
2.101666667E0 -6.153445734E0 3.523741775E0
2.135000000E0 -6.137849909E0 3.637472734E0
2.168333333E0 -6.138761946E0 3.799815241E0
2.201666667E0 -6.318524351E0 4.009857259E0
2.235000000E0 -6.254316977E0 4.140096079E0
2.268333333E0 -6.498286756E0 4.219899278E0
2.301666667E0 -6.514794617E0 4.268510826E0
2.335000000E0 -6.628525576E0 4.284106651E0
2.368333333E0 -6.692807052E0 4.302516964E0
2.401666667E0 -6.763475635E0 4.012938233E0
2.435000000E0 -6.979948936E0 3.939426661E0
2.468333333E0 -7.211124552E0 3.909209750E0
2.501666667E0 -7.253606929E0 3.749921141E0
2.535000000E0 -7.541154954E0 3.459123985E0
2.568333333E0 -7.526452640E0 3.415829325E0
2.601666667E0 -7.728223627E0 3.299023093E0
2.635000000E0 -7.945509211E0 3.370097817E0
2.668333333E0 -7.960211525E0 3.413392477E0
2.701666667E0 -7.961023808E0 3.557978773E0
2.735000000E0 -8.004318468E0 3.543276458E0
2.768333333E0 -7.875246770E0 3.731969696E0
2.801666667E0 -7.790282015E0 4.050546915E0
2.835000000E0 -7.704504977E0 4.224537839E0
2.868333333E0 -7.604025624E0 4.355234102E0
2.901666667E0 -7.750236485E0 4.643594410E0
2.935000000E0 -7.707754107E0 4.802883019E0
2.968333333E0 -7.853152684E0 4.946657032E0
3.001666667E0 -7.897259627E0 5.076541012E0
3.035000000E0 -8.071250551E0 5.162318050E0
3.068333333E0 -8.389827770E0 5.247282806E0
3.101666667E0 -8.751699649E0 5.317545247E0
3.135000000E0 -8.994275185E0 5.307038171E0
3.168333333E0 -9.231565126E0 5.378593680E0
3.201666667E0 -9.404516531E0 5.350288818E0
3.235000000E0 -9.359218516E0 5.396098675E0
3.268333333E0 -9.322672998E0 5.378081838E0
3.301666667E0 -9.185755269E0 5.333295664E0
3.335000000E0 -9.057590038E0 5.224682797E0
3.368333333E0 -8.929424806E0 5.116069929E0
3.401666667E0 -8.746697220E0 5.025985740E0
3.435000000E0 -8.674118027E0 5.081059937E0
3.468333333E0 -8.638596194E0 5.245258844E0
3.501666667E0 -8.648372376E0 5.363647894E0
3.535000000E0 -8.666901055E0 5.418210249E0
3.568333333E0 -8.704470257E0 5.618442831E0
3.601666667E0 -8.815130492E0 5.854709088E0
3.635000000E0 -8.870716531E0 6.018396153E0
3.668333333E0 -8.891292579E0 6.437389997E0
3.701666667E0 -8.910333100E0 6.583060224E0
3.735000000E0 -8.975183479E0 6.774028466E0
3.768333333E0 -8.958190325E0 6.992789728E0
3.801666667E0 -8.985471503E0 6.983525388E0
3.835000000E0 -8.821272596E0 6.948003554E0
3.868333333E0 -8.857306271E0 6.874912520E0
3.901666667E0 -8.965919139E0 6.746747288E0
3.935000000E0 -8.910333100E0 6.583060224E0
3.968333333E0 -8.809449046E0 6.465183016E0
4.001666667E0 -8.691059997E0 6.474959198E0
4.035000000E0 -8.635985800E0 6.402380005E0
4.068333333E0 -8.609216464E0 6.502752217E0
4.101666667E0 -8.437288744E0 6.713272823E0
4.135000000E0 -8.164988811E0 6.897024093E0
4.168333333E0 -8.174764993E0 7.015413143E0
4.203333333E0 -7.930769922E0 7.372115818E0
4.236666667E0 -7.704279846E0 7.601165103E0
4.270000000E0 -7.559633303E0 7.802421369E0
4.303333333E0 -7.251299695E0 8.059263674E0
4.336666667E0 -7.187984842E0 8.141619049E0
4.370000000E0 -7.097388812E0 8.233238763E0
4.403333333E0 -6.997016600E0 8.206469427E0
4.436666667E0 -6.987752260E0 8.179188250E0
4.470000000E0 -7.014521596E0 8.078816038E0
4.503333333E0 -7.242035355E0 8.031982497E0
4.536666667E0 -7.278069030E0 7.958891462E0
4.570000000E0 -7.368665061E0 7.867271748E0
4.603333333E0 -7.368153219E0 7.776163876E0
4.636666667E0 -7.376905717E0 7.712337181E0
4.670000000E0 -7.276533505E0 7.685567846E0
4.703333333E0 -7.239987987E0 7.667551008E0
4.736666667E0 -7.057772243E0 7.668574692E0
4.770000000E0 -6.884820838E0 7.696879553E0
4.803333333E0 -6.566199207E0 7.744224937E0
4.836666667E0 -6.374719122E0 7.717967443E0
4.870000000E0 -6.074114328E0 7.728767309E0
4.903333333E0 -5.855353067E0 7.711774155E0
4.936666667E0 -5.645856145E0 7.722062179E0
4.970000000E0 -5.490921578E0 7.713821523E0
5.003333333E0 -5.436359223E0 7.732350203E0
5.036666667E0 -5.436359223E0 7.732350203E0
5.070000000E0 -5.536219593E0 7.668011666E0
5.103333333E0 -5.618574967E0 7.731326519E0
5.136666667E0 -5.764245194E0 7.712285997E0
5.170000000E0 -5.864617406E0 7.739055333E0
5.203333333E0 -6.010799475E0 7.811122683E0
5.236666667E0 -6.230072579E0 7.919223709E0
5.270000000E0 -6.393759644E0 7.863637670E0
5.303333333E0 -6.393247802E0 7.772529798E0
5.336666667E0 -6.347437945E0 7.727231783E0
5.370000000E0 -6.328909265E0 7.672669428E0
5.403333333E0 -6.346926103E0 7.636123911E0
5.436666667E0 -6.236777709E0 7.490965525E0
5.470000000E0 -5.871834378E0 7.401905021E0
5.503333333E0 -5.734404807E0 7.266010976E0
5.536666667E0 -5.497114866E0 7.194455467E0
5.570000000E0 -5.332404117E0 7.067825762E0
5.603333333E0 -5.113131013E0 6.959724736E0
5.636666667E0 -4.930915269E0 6.960748420E0
5.670000000E0 -4.739435185E0 6.934490926E0
5.703333333E0 -4.693625328E0 6.889192911E0
5.736666667E0 -4.548466942E0 6.999341305E0
5.770000000E0 -4.585524302E0 7.108466015E0
5.803333333E0 -4.494928271E0 7.200085729E0
5.836666667E0 -4.559266808E0 7.299946099E0
5.870000000E0 -4.606612191E0 7.618567731E0
5.903333333E0 -4.626164555E0 7.855345830E0
5.936666667E0 -4.645205076E0 8.001016057E0
5.970000000E0 -4.581890224E0 8.083371432E0
6.003333333E0 -4.500046691E0 8.111164451E0
6.036666667E0 -4.372905144E0 8.184767328E0
6.070000000E0 -4.227234917E0 8.203807849E0
6.103333333E0 -3.953911300E0 8.205343375E0
6.136666667E0 -3.861779744E0 8.023639473E0
6.170000000E0 -3.669787818E0 7.906274107E0
6.203333333E0 -3.523605749E0 7.834206756E0
6.236666667E0 -3.349630660E0 7.680295873E0
6.270000000E0 -3.176167413E0 7.617492863E0
6.303333333E0 -2.920348792E0 7.491374999E0
6.336666667E0 -2.719604368E0 7.437836328E0
6.370000000E0 -2.527612442E0 7.320470962E0
6.403333333E0 -2.355172880E0 7.439883696E0
6.436666667E0 -2.027798750E0 7.551055774E0
6.470000000E0 -1.636597926E0 7.653475354E0
6.503333333E0 -1.527473216E0 7.690532713E0
6.536666667E0 -1.255173283E0 7.874283983E0
6.570000000E0 -9.463278334E-1 8.040018416E0
6.603333333E0 -6.637398769E-1 8.014272764E0
6.636666667E0 -3.991687582E-1 7.951981596E0
6.670000000E0 -8.878778231E-2 7.844392412E0
6.703333333E0 5.790612877E-2 7.681217189E0
6.736666667E0 1.593020247E-1 7.472232109E0
6.770000000E0 2.514335809E-1 7.290528207E0
6.803333333E0 3.440769790E-1 7.017716432E0
6.836666667E0 3.826698642E-1 6.635268106E0
6.870000000E0 3.106025136E-1 6.489086036E0
6.903333333E0 3.852290741E-1 6.179728745E0
6.936666667E0 4.227982754E-1 5.979496162E0
6.970000000E0 4.969129939E-1 5.761246743E0
7.003333333E0 7.084572837E-1 5.407103278E0
7.038333333E0 8.005888398E-1 5.225399375E0
7.071666667E0 9.925807660E-1 5.108034010E0
7.105000000E0 1.194348874E0 4.872279594E0
7.138333333E0 1.569580229E0 4.573722168E0
7.171666667E0 1.798629514E0 4.347232093E0
7.205000000E0 2.191877706E0 4.085220184E0
7.238333333E0 2.393645814E0 3.849465768E0
7.271666667E0 2.503794208E0 3.704307383E0
7.305000000E0 2.541875251E0 3.412966929E0
7.338333333E0 2.515105916E0 3.312594717E0
7.371666667E0 2.479584082E0 3.148395810E0
7.405000000E0 2.308168204E0 2.846767332E0
7.438333333E0 2.236612695E0 2.609477391E0
7.471666667E0 1.955048423E0 2.453007298E0
7.505000000E0 1.837171215E0 2.352123244E0
7.538333333E0 1.801137540E0 2.279032209E0
7.571666667E0 1.674507834E0 2.114321461E0
7.605000000E0 1.593176144E0 1.995420569E0
7.638333333E0 1.566918650E0 1.803940485E0
7.671666667E0 1.668826388E0 1.503847533E0
7.705000000E0 1.778974782E0 1.358689147E0
7.738333333E0 1.879789162E0 1.154197588E0
7.771666667E0 2.092995601E0 7.658116922E-1
7.805000000E0 2.264481790E0 5.800995819E-1
7.838333333E0 2.452473695E0 3.457822397E-1
7.871666667E0 2.673021075E0 9.541513983E-2
7.905000000E0 2.746840841E0 -4.214769758E-2
7.938333333E0 2.828913465E0 -2.040131509E-1
7.971666667E0 2.902277272E0 -2.604152821E-1
8.005000000E0 2.911442049E0 -4.470393105E-1
8.038333333E0 2.822484443E0 -5.043533597E-1
8.071666667E0 2.709224222E0 -5.699202673E-1
8.105000000E0 2.579914243E0 -6.680426492E-1
8.138333333E0 2.490956637E0 -7.253566985E-1
8.171666667E0 2.336432124E0 -6.694105263E-1
8.205000000E0 2.320382366E0 -7.019660006E-1
8.238333333E0 2.247474518E0 -7.267245755E-1
8.271666667E0 2.368987598E0 -6.854602839E-1
8.305000000E0 2.441895446E0 -6.607017089E-1
8.338333333E0 2.539561869E0 -7.088509818E-1
8.371666667E0 2.742235655E0 -6.671307312E-1
8.405000000E0 2.896304209E0 -6.419161972E-1
8.438333333E0 3.269096307E0 -5.424259382E-1
8.471666667E0 3.504325567E0 -5.167554452E-1
8.505000000E0 3.820715533E0 -4.906289931E-1
8.538333333E0 3.852815049E0 -4.255180446E-1
8.571666667E0 3.844106231E0 -3.200547224E-1
8.605000000E0 3.769830506E0 -1.013311788E-1
8.638333333E0 3.736819073E0 -4.120715013E-3
8.671666667E0 3.678137147E0 3.283190091E-1
8.705000000E0 3.564420966E0 3.439128077E-1
8.738333333E0 3.400275718E0 6.676437144E-1
8.771666667E0 3.211827853E0 9.831217628E-1
8.805000000E0 3.072441180E0 1.233944822E0
8.838333333E0 2.973862839E0 1.444415507E0
8.871666667E0 2.721671903E0 1.548510952E0
8.905000000E0 2.657472872E0 1.418289055E0
8.938333333E0 2.648764055E0 1.523752377E0
8.971666667E0 2.607955723E0 1.564104751E0
9.005000000E0 2.470848844E0 1.409124278E0
9.038333333E0 2.471304803E0 1.327963572E0
9.071666667E0 2.512569095E0 1.206450493E0
9.105000000E0 2.522189830E0 9.386657580E-1
9.138333333E0 2.523101748E0 7.763443456E-1
9.171666667E0 2.426347243E0 6.621722061E-1
9.205000000E0 2.190662024E0 7.176624193E-1
9.238333333E0 1.864651322E0 9.593207017E-1
9.271666667E0 1.741770365E0 1.161538529E0
9.305000000E0 1.261235151E0 1.459142983E0
9.338333333E0 9.998794383E-1 1.749862457E0
9.371666667E0 4.689151553E-1 2.355604020E0
9.405000000E0 -1.162005958E-2 2.653208474E0
9.438333333E0 -3.788950530E-1 3.016379836E0
9.471666667E0 -7.943193194E-1 3.281884776E0
9.505000000E0 -1.209743586E0 3.547389715E0
9.538333333E0 -1.511451672E0 3.797300856E0
9.571666667E0 -1.845715232E0 4.063261755E0
9.605000000E0 -2.058009753E0 4.289326238E0
9.638333333E0 -2.269848316E0 4.434230016E0
9.671666667E0 -2.303315708E0 4.612601186E0
9.705000000E0 -2.498648554E0 4.708899732E0
9.738333333E0 -2.483510714E0 4.903776619E0
9.771666667E0 -2.525230965E0 5.106450405E0
9.805000000E0 -2.558242398E0 5.203660868E0
9.840000000E0 -2.575660033E0 5.414587513E0
9.873333333E0 -2.649479799E0 5.552150350E0
9.906666667E0 -2.682491232E0 5.649360814E0
9.940000000E0 -2.561890070E0 5.852946518E0
9.973333333E0 -2.521537697E0 5.893754850E0
1.000666667E1 -2.441288908E0 6.056532222E0
1.004000000E1 -2.425695110E0 6.170248402E0
1.007333333E1 -2.328484646E0 6.203259836E0
1.010666667E1 -2.206515607E0 6.163363421E0
1.014000000E1 -2.084090609E0 6.042306300E0
1.017333333E1 -1.953868712E0 5.978107270E0
1.020666667E1 -1.741574191E0 5.752042786E0
1.024000000E1 -1.634742992E0 5.517269485E0
1.027333333E1 -1.495356318E0 5.266446426E0
1.030666667E1 -1.347716786E0 4.991320751E0
1.034000000E1 -1.109751772E0 4.530027007E0
1.037333333E1 -9.378096241E-1 4.263154190E0
1.040666667E1 -6.273927209E-1 3.907779728E0
1.044000000E1 -4.641593905E-1 3.746370233E0
1.047333333E1 -1.294398713E-1 3.399248629E0
1.050666667E1 3.423865263E-1 3.207107496E0
1.054000000E1 4.340798859E-1 2.777457308E0
1.057333333E1 6.307806087E-1 2.437676644E0
1.060666667E1 9.246917953E-1 2.130907413E0
1.064000000E1 1.071875368E0 1.936942444E0
1.067333333E1 1.212173960E0 1.523797973E0
1.070666667E1 1.239212330E0 1.045086594E0
1.074000000E1 1.208480692E0 7.364935269E-1
1.077333333E1 1.202963587E0 2.738319057E-1
1.080666667E1 1.188281707E0 -2.205687114E-3
1.084000000E1 1.076845321E0 -3.924154195E-1
1.087333333E1 1.006217269E0 -8.229775254E-1
1.090666667E1 9.585239548E-1 -1.001804654E0
1.094000000E1 8.723021035E-1 -1.546082941E0
1.097333333E1 8.328616479E-1 -1.749212686E0
1.100666667E1 6.480614557E-1 -2.083020287E0
1.104000000E1 6.251267168E-1 -2.334755264E0
1.107333333E1 5.054374731E-1 -2.700662380E0
1.110666667E1 4.751617940E-1 -3.090416154E0
1.114000000E1 3.059554003E-1 -3.310507574E0
1.117333333E1 3.908258384E-2 -3.482449722E0
1.120666667E1 -1.145300112E-1 -3.588824962E0
1.124000000E1 -2.763954646E-1 -3.670897586E0
1.127333333E1 -3.979085443E-1 -3.712161878E0
1.130666667E1 -7.386011267E-1 -3.746541188E0
1.134000000E1 -9.330220544E-1 -3.812564055E0
1.137333333E1 -1.029776559E0 -3.926736195E0
1.140666667E1 -1.345254608E0 -4.115184059E0
1.144000000E1 -1.425959355E0 -4.196800724E0
1.147333333E1 -1.651567880E0 -4.490255952E0
1.150666667E1 -1.812521415E0 -4.734649988E0
1.154000000E1 -1.981727809E0 -4.954741409E0
1.157333333E1 -2.134428486E0 -5.223438062E0
1.160666667E1 -2.286673203E0 -5.573295420E0
1.164000000E1 -2.447170780E0 -5.898850163E0
1.167333333E1 -2.584277658E0 -6.053830635E0
1.170666667E1 -2.874997132E0 -6.315186348E0
1.174000000E1 -3.206524938E0 -6.536189686E0
1.177333333E1 -3.409198724E0 -6.577909937E0
1.180666667E1 -3.822343195E0 -6.718208529E0
1.184000000E1 -4.284548857E0 -6.793852131E0
1.187333333E1 -4.730704762E0 -6.836940258E0
1.190666667E1 -4.893482133E0 -6.756691470E0
1.194000000E1 -5.209872099E0 -6.782817922E0
1.197333333E1 -5.599169914E0 -6.833702949E0
1.200666667E1 -5.988011769E0 -6.965748682E0
1.204000000E1 -6.303489817E0 -7.154196547E0
1.207333333E1 -6.408041221E0 -7.325226777E0
1.210666667E1 -6.633193787E0 -7.699842710E0
1.214000000E1 -6.794147323E0 -7.944236747E0
1.217333333E1 -6.873028234E0 -8.350496237E0
1.220666667E1 -7.099092718E0 -8.562790758E0
1.224000000E1 -7.253161272E0 -8.588005292E0
1.227333333E1 -7.406773867E0 -8.694380533E0
1.230666667E1 -7.576892178E0 -8.752150541E0
1.234000000E1 -7.812121439E0 -8.777821034E0
1.237333333E1 -7.950596194E0 -8.689319387E0
1.240666667E1 -8.145984567E0 -8.673729050E0
1.244000000E1 -8.288648729E0 -8.507034193E0
1.247333333E1 -8.405110745E0 -8.417498136E0
1.250666667E1 -8.495370618E0 -8.405120880E0
1.254000000E1 -8.573253235E0 -8.302483752E0
1.257333333E1 -8.713745947E0 -8.522306713E0
