#masse_A
#t x y
0.000000000E0 -1.205124050E0 5.431811901E0
3.333333333E-2 -1.045539197E0 5.639388319E0
6.666666667E-2 -9.547164506E-1 5.823614003E0
1.000000000E-1 -8.184823314E-1 6.099952529E0
1.333333333E-1 -7.730709584E-1 6.192065371E0
1.666666667E-1 -6.588974778E-1 6.307528947E0
2.000000000E-1 -5.447239973E-1 6.422992524E0
2.333333333E-1 -5.447239973E-1 6.422992524E0
2.666666667E-1 -7.055989467E-1 6.445053162E0
3.000000000E-1 -7.276595853E-1 6.284178213E0
3.333333333E-1 -6.588974778E-1 6.307528947E0
3.666666667E-1 -6.355467434E-1 6.238766840E0
4.000000000E-1 -8.184823314E-1 6.099952529E0
4.333333333E-1 -8.638937045E-1 6.007839687E0
4.666666667E-1 -9.780671850E-1 5.892376111E0
5.000000000E-1 -1.092240666E0 5.776912534E0
5.333333333E-1 -1.114301304E0 5.616037585E0
5.666666667E-1 -1.181773316E0 5.363049794E0
6.000000000E-1 -1.364708904E0 5.224235483E0
6.333333333E-1 -1.386769543E0 5.063360533E0
6.666666667E-1 -1.477592289E0 4.879134850E0
7.000000000E-1 -1.477592289E0 4.879134850E0
7.333333333E-1 -1.270015870E0 4.719549996E0
7.666666667E-1 -1.223314401E0 4.582025781E0
8.000000000E-1 -1.199963667E0 4.513263673E0
8.333333333E-1 -1.015737983E0 4.422440927E0
8.666666667E-1 -7.160487229E-1 4.217444701E0
9.000000000E-1 -5.772344121E-1 4.034509113E0
9.333333333E-1 -4.617708357E-1 3.920335632E0
9.666666667E-1 -4.604807399E-1 3.690698575E0
1.000000000E0 -4.825413785E-1 3.529823626E0
1.033333333E0 -5.279527515E-1 3.437710784E0
1.066666667E0 -6.875376051E-1 3.230134365E0
1.100000000E0 -8.704731932E-1 3.091320055E0
1.133333333E0 -1.145521623E0 2.997917117E0
1.166666667E0 -1.397219319E0 2.835752072E0
1.200000000E0 -1.558094268E0 2.857812710E0
1.233333333E0 -1.833142698E0 2.764409772E0
1.266666667E0 -2.084840394E0 2.602244727E0
1.300000000E0 -2.291126716E0 2.532192524E0
1.333333333E0 -2.634937254E0 2.415438852E0
1.366666667E0 -2.702409265E0 2.162451060E0
1.400000000E0 -2.816582746E0 2.046987484E0
1.435000000E0 -2.884054758E0 1.793999693E0
1.468333333E0 -2.974877504E0 1.609774009E0
1.501666667E0 -3.064410154E0 1.195911268E0
1.535000000E0 -3.109821527E0 1.103798426E0
1.568333333E0 -3.200644273E0 9.195727421E-1
1.601666667E0 -3.313527658E0 5.744721088E-1
1.635000000E0 -3.610636726E0 3.201942216E-1
1.668333333E0 -3.610636726E0 3.201942216E-1
1.701666667E0 -3.702749568E0 3.656055946E-1
1.735000000E0 -4.069910840E0 3.176140299E-1
1.768333333E0 -4.299547897E0 3.163239341E-1
1.801666667E0 -4.552535689E0 3.837959458E-1
1.835000000E0 -4.644648531E0 4.292073188E-1
1.868333333E0 -4.920987056E0 5.654414380E-1
1.901666667E0 -5.197325582E0 7.016755572E-1
1.935000000E0 -5.428252735E0 9.300225183E-1
1.968333333E0 -5.681240526E0 9.974945299E-1
2.001666667E0 -5.934228318E0 1.064966542E0
2.035000000E0 -6.163865375E0 1.063676446E0
2.068333333E0 -6.554377381E0 1.084446989E0
2.101666667E0 -6.829425811E0 9.910440508E-1
2.135000000E0 -7.173236348E0 8.742903786E-1
2.168333333E0 -7.448284778E0 7.808874408E-1
2.201666667E0 -7.837506689E0 5.720209267E-1
2.235000000E0 -8.089204385E0 4.098558814E-1
2.268333333E0 -8.387603549E0 3.852150512E-1
2.301666667E0 -8.548478498E0 4.072756898E-1
2.335000000E0 -8.778115555E0 4.059855940E-1
2.368333333E0 -8.824817024E0 5.435098090E-1
2.401666667E0 -9.010332804E0 8.639696120E-1
2.435000000E0 -9.079094911E0 8.406188776E-1
2.468333333E0 -9.149147115E0 1.046905200E0
2.501666667E0 -9.195848584E0 1.184429415E0
2.535000000E0 -9.265900787E0 1.390715738E0
2.568333333E0 -9.290541617E0 1.689114902E0
2.601666667E0 -9.290541617E0 1.689114902E0
2.635000000E0 -9.705694454E0 2.008284609E0
2.668333333E0 -9.958682245E0 2.075756621E0
2.701666667E0 -1.025837151E1 2.280752848E0
2.735000000E0 -1.053471003E1 2.416986967E0
2.768333333E0 -1.078769782E1 2.484458978E0
2.801666667E0 -1.120285066E1 2.803628686E0
2.835000000E0 -1.141042708E1 2.963213539E0
2.868333333E0 -1.171011634E1 3.168209766E0
2.901666667E0 -1.191769276E1 3.327794619E0
2.935000000E0 -1.198903506E1 3.763717999E0
2.968333333E0 -1.199032515E1 3.993355056E0
3.001666667E0 -1.215249020E1 4.245052751E0
3.035000000E0 -1.210836892E1 4.566802650E0
3.068333333E0 -1.208759838E1 4.957314657E0
3.101666667E0 -1.197471499E1 5.302415290E0
3.135000000E0 -1.170095666E1 5.625455285E0
3.168333333E0 -1.154266190E1 6.062668760E0
3.201666667E0 -1.138307705E1 6.270245178E0
3.235000000E0 -1.140771788E1 6.568644343E0
3.268333333E0 -1.124942312E1 7.005857818E0
3.301666667E0 -1.134411615E1 7.510543305E0
3.335000000E0 -1.164509551E1 7.945176588E0
3.368333333E0 -1.166973634E1 8.243575753E0
3.401666667E0 -1.158020369E1 8.657438494E0
3.435000000E0 -1.137520746E1 8.957127754E0
3.468333333E0 -1.112350977E1 9.119292799E0
3.501666667E0 -1.091722344E1 9.189345002E0
3.535000000E0 -1.073428786E1 9.328159313E0
3.568333333E0 -1.052800153E1 9.398211517E0
3.601666667E0 -1.034377585E1 9.307388770E0
3.635000000E0 -9.953263843E0 9.286618228E0
3.668333333E0 -9.746977520E0 9.356670431E0
3.701666667E0 -9.562751836E0 9.265847685E0
3.735000000E0 -9.286413311E0 9.129613566E0
3.768333333E0 -9.011364881E0 9.223016503E0
3.801666667E0 -8.667554343E0 9.339770176E0
3.835000000E0 -8.300393071E0 9.387761740E0
3.868333333E0 -8.003284003E0 9.642039628E0
3.901666667E0 -7.637412826E0 9.919668249E0
3.935000000E0 -7.271541650E0 1.019729687E1
3.968333333E0 -6.882319740E0 1.040616338E1
4.001666667E0 -6.561859937E0 1.059167916E1
4.035000000E0 -6.424335722E0 1.063838063E1
4.068333333E0 -6.240110038E0 1.054755789E1
4.101666667E0 -6.102585823E0 1.059425936E1
4.135000000E0 -5.665372348E0 1.043596460E1
4.168333333E0 -5.710783721E0 1.034385176E1
4.203333333E0 -5.618670879E0 1.029844038E1
4.236666667E0 -5.387743726E0 1.007009342E1
4.270000000E0 -5.456505834E0 1.004674269E1
4.303333333E0 -5.409804365E0 9.909218473E0
4.336666667E0 -5.363102896E0 9.771694258E0
4.370000000E0 -5.339752161E0 9.702932151E0
4.403333333E0 -4.994651528E0 9.590048766E0
4.436666667E0 -4.696252364E0 9.614689596E0
4.470000000E0 -4.281099527E0 9.295519889E0
4.503333333E0 -3.959349628E0 9.251398612E0
4.536666667E0 -3.729712571E0 9.252688707E0
4.570000000E0 -3.315849830E0 9.163156057E0
4.603333333E0 -3.039511305E0 9.026921938E0
4.636666667E0 -2.717761406E0 8.982800661E0
4.670000000E0 -2.970749197E0 9.050272672E0
4.703333333E0 -2.877346259E0 8.775224242E0
4.736666667E0 -2.624358468E0 8.707752231E0
4.770000000E0 -2.990229644E0 8.430123609E0
4.803333333E0 -2.898116802E0 8.384712236E0
4.836666667E0 -2.943528175E0 8.292599394E0
4.870000000E0 -3.148524402E0 7.992910134E0
4.903333333E0 -3.217286509E0 7.969559399E0
4.936666667E0 -3.354810724E0 7.922857931E0
4.970000000E0 -3.147234306E0 7.763273077E0
5.003333333E0 -3.214706318E0 7.510285286E0
5.036666667E0 -3.007129899E0 7.350700432E0
5.070000000E0 -2.938367792E0 7.374051166E0
5.103333333E0 -2.776202747E0 7.122353471E0
5.136666667E0 -2.476513486E0 6.917357244E0
5.170000000E0 -2.476513486E0 6.917357244E0
5.203333333E0 -2.268937068E0 6.757772391E0
5.236666667E0 -2.083421288E0 6.437312588E0
5.270000000E0 -1.899195604E0 6.346489841E0
5.303333333E0 -1.807082762E0 6.301078468E0
5.336666667E0 -1.966667616E0 6.093502050E0
5.370000000E0 -1.874554774E0 6.048090677E0
5.403333333E0 -1.919966147E0 5.955977835E0
5.436666667E0 -2.102901735E0 5.817163524E0
5.470000000E0 -2.148313108E0 5.725050682E0
5.503333333E0 -2.263776685E0 5.839224163E0
5.536666667E0 -2.515474380E0 5.677059118E0
5.570000000E0 -2.560885753E0 5.584946276E0
5.603333333E0 -2.721760703E0 5.607006914E0
5.636666667E0 -2.859284918E0 5.560305445E0
5.670000000E0 -2.767172076E0 5.514894072E0
5.703333333E0 -2.767172076E0 5.514894072E0
5.736666667E0 -2.857994822E0 5.330668388E0
5.770000000E0 -2.787942619E0 5.124382066E0
5.803333333E0 -2.580366200E0 4.964797212E0
5.836666667E0 -2.602426839E0 4.803922263E0
5.870000000E0 -2.394850421E0 4.644337409E0
5.903333333E0 -2.416911059E0 4.483462460E0
5.936666667E0 -2.254746014E0 4.231764764E0
5.970000000E0 -2.276806653E0 4.070889815E0
6.003333333E0 -2.253455918E0 4.002127707E0
6.036666667E0 -2.184693811E0 4.025478442E0
6.070000000E0 -2.253455918E0 4.002127707E0
6.103333333E0 -2.208044545E0 4.094240549E0
6.136666667E0 -2.208044545E0 4.094240549E0
6.170000000E0 -2.278096748E0 4.300526872E0
6.203333333E0 -2.324798217E0 4.438051087E0
6.236666667E0 -2.371499686E0 4.575575302E0
6.270000000E0 -2.486963262E0 4.689748782E0
6.303333333E0 -2.510313997E0 4.758510890E0
6.336666667E0 -2.533664731E0 4.827272997E0
6.370000000E0 -2.557015466E0 4.896035105E0
6.403333333E0 -2.557015466E0 4.896035105E0
6.436666667E0 -2.671188946E0 4.780571528E0
6.470000000E0 -2.808713161E0 4.733870060E0
6.503333333E0 -2.807423066E0 4.504233003E0
6.536666667E0 -2.691959489E0 4.390059522E0
6.570000000E0 -2.759431501E0 4.137071731E0
6.603333333E0 -2.758141405E0 3.907434674E0
6.636666667E0 -2.758141405E0 3.907434674E0
6.670000000E0 -2.758141405E0 3.907434674E0
6.703333333E0 -2.712730032E0 3.999547516E0
6.736666667E0 -2.597266456E0 3.885374035E0
6.770000000E0 -2.459742241E0 3.932075504E0
6.803333333E0 -2.184693811E0 4.025478442E0
6.836666667E0 -1.978407488E0 4.095530645E0
6.870000000E0 -1.864234008E0 4.210994222E0
6.903333333E0 -1.703359058E0 4.188933583E0
6.936666667E0 -1.565834843E0 4.235635052E0
6.970000000E0 -1.520423470E0 4.327747894E0
7.003333333E0 -1.475012097E0 4.419860736E0
7.038333333E0 -1.337487882E0 4.466562205E0
7.071666667E0 -1.359548521E0 4.305687255E0
7.105000000E0 -1.473722001E0 4.190223679E0
7.138333333E0 -1.564544747E0 4.005997995E0
7.171666667E0 -1.769540974E0 3.706308735E0
7.205000000E0 -1.768250878E0 3.476671678E0
7.238333333E0 -1.790311517E0 3.315796728E0
7.271666667E0 -1.812372155E0 3.154921779E0
7.305000000E0 -1.857783528E0 3.062808937E0
7.338333333E0 -1.811082060E0 2.925284722E0
7.371666667E0 -1.833142698E0 2.764409772E0
7.405000000E0 -1.648917014E0 2.673587026E0
7.438333333E0 -1.602215545E0 2.536062811E0
7.471666667E0 -1.165002070E0 2.377768054E0
7.505000000E0 -9.807763863E-1 2.286945307E0
7.538333333E0 -7.044378605E-1 2.150711188E0
7.571666667E0 -7.264984991E-1 1.989836239E0
7.605000000E0 -7.498492335E-1 2.058598346E0
7.638333333E0 -4.955713463E-1 1.761489278E0
7.671666667E0 -5.876841883E-1 1.806900651E0
7.705000000E0 -7.239183074E-1 1.530562125E0
7.738333333E0 -8.147410535E-1 1.346336441E0
7.771666667E0 -7.913903191E-1 1.277574334E0
7.805000000E0 -8.835031610E-1 1.322985707E0
7.838333333E0 -1.088499388E0 1.023296446E0
7.871666667E0 -1.294785710E0 9.532442431E-1
7.905000000E0 -1.385608456E0 7.690185592E-1
7.938333333E0 -1.454370564E0 7.456678248E-1
7.971666667E0 -1.499781937E0 6.535549829E-1
8.005000000E0 -1.521842575E0 4.926800334E-1
8.038333333E0 -1.451790372E0 2.863937109E-1
8.071666667E0 -1.244213954E0 1.268088573E-1
8.105000000E0 -1.014576897E0 1.280989532E-1
8.138333333E0 -8.991133205E-1 1.392547261E-2
8.171666667E0 -5.086013142E-1 -6.845070179E-3
8.205000000E0 -1.647907767E-1 1.099086020E-1
8.238333333E0 1.795864725E-2 -8.586530572E-3
8.271666667E0 1.907115182E-1 1.866868344E-1
8.305000000E0 1.699145314E-1 2.479287900E-1
8.338333333E0 2.710269534E-1 4.530261460E-1
8.371666667E0 3.397948904E-1 9.545092890E-1
8.405000000E0 3.473208719E-1 1.435195445E0
8.438333333E0 4.779052669E-1 1.855214148E0
8.471666667E0 5.575928482E-1 2.441245588E0
8.505000000E0 7.346191435E-1 2.718231090E0
8.538333333E0 8.135103055E-1 3.124543375E0
8.571666667E0 8.300181672E-1 3.075931827E0
8.605000000E0 1.023552324E0 3.304305780E0
8.638333333E0 1.152879108E0 3.402440914E0
8.671666667E0 1.330817440E0 3.517083908E0
8.705000000E0 1.411532675E0 3.598711180E0
8.738333333E0 1.460144223E0 3.615219042E0
8.771666667E0 1.605978868E0 3.664742627E0
8.805000000E0 1.882052333E0 3.650058838E0
8.838333333E0 1.963679605E0 3.569343603E0
8.871666667E0 1.947171743E0 3.617955151E0
8.905000000E0 1.914156020E0 3.715178248E0
8.938333333E0 2.093006388E0 3.667478736E0
8.971666667E0 2.010467080E0 3.910536478E0
9.005000000E0 2.204913274E0 3.976567925E0
9.038333333E0 2.074674454E0 4.040775298E0
9.071666667E0 2.235192887E0 4.366372348E0
9.105000000E0 2.299400261E0 4.496611169E0
9.138333333E0 2.298488224E0 4.658953675E0
9.171666667E0 2.232456778E0 4.853399869E0
9.205000000E0 2.215948916E0 4.902011417E0
9.238333333E0 2.280156290E0 5.032250237E0
9.271666667E0 2.215036880E0 5.064353924E0
9.305000000E0 2.198529018E0 5.112965472E0
9.338333333E0 2.198529018E0 5.112965472E0
9.371666667E0 2.198529018E0 5.112965472E0
9.405000000E0 2.182933193E0 4.999234514E0
9.438333333E0 2.166425331E0 5.047846062E0
9.471666667E0 2.117813783E0 5.031338201E0
9.505000000E0 2.117813783E0 5.031338201E0
9.538333333E0 2.053606409E0 4.901099381E0
9.571666667E0 1.924279626E0 4.802964247E0
9.605000000E0 1.860072252E0 4.672725427E0
9.638333333E0 1.763761192E0 4.477367197E0
9.671666667E0 1.602330722E0 4.314112654E0
9.705000000E0 1.359272980E0 4.231573346E0
9.738333333E0 1.133635136E0 3.938079982E0
9.771666667E0 8.245459478E-1 4.049986868E0
9.805000000E0 5.824002425E-1 3.805105053E0
9.840000000E0 1.556952359E-2 3.558399164E0
9.873333333E0 -8.165357316E-2 3.525383441E0
9.906666667E0 -1.779646334E-1 3.330025211E0
9.940000000E0 -5.008255738E-1 3.003516124E0
9.973333333E0 -7.750749659E-1 2.693514899E0
1.000666667E1 -9.044017494E-1 2.595379766E0
1.004000000E1 -1.146547455E0 2.350497951E0
1.007333333E1 -1.210754828E0 2.220259131E0
1.010666667E1 -1.437304708E0 2.089108274E0
1.014000000E1 -1.728973999E0 1.990061105E0
1.017333333E1 -1.972031741E0 1.907521796E0
1.020666667E1 -2.037151151E0 1.939625483E0
1.024000000E1 -2.296716754E0 1.905697723E0
1.027333333E1 -2.556282358E0 1.871769963E0
1.030666667E1 -2.718624865E0 1.870857927E0
1.034000000E1 -2.961682606E0 1.788318619E0
1.037333333E1 -3.107517252E0 1.738795034E0
1.040666667E1 -3.107517252E0 1.738795034E0
1.044000000E1 -3.123113077E0 1.625064075E0
1.047333333E1 -3.220336173E0 1.592048352E0
1.050666667E1 -3.268947722E0 1.575540490E0
1.054000000E1 -3.333155095E0 1.445301670E0
1.057333333E1 -3.333155095E0 1.445301670E0
1.060666667E1 -3.170812588E0 1.446213707E0
1.064000000E1 -2.943350672E0 1.415022057E0
1.067333333E1 -2.682873032E0 1.286607310E0
1.070666667E1 -2.504022663E0 1.238907798E0
1.074000000E1 -2.227949198E0 1.224224009E0
1.077333333E1 -1.934455835E0 9.985861656E-1
1.080666667E1 -1.739097605E0 9.022751054E-1
1.084000000E1 -1.494215789E0 6.601294001E-1
1.087333333E1 -1.444692205E0 5.142947549E-1
1.090666667E1 -1.378660758E0 3.198485614E-1
1.094000000E1 -1.442868131E0 1.896097413E-1
1.097333333E1 -1.555687053E0 4.286305965E-2
1.100666667E1 -1.701521698E0 -6.660525282E-3
1.104000000E1 -1.944579440E0 -8.919983351E-2
1.107333333E1 -2.154621459E0 -2.689622385E-1
1.110666667E1 -2.413275026E0 -4.652325051E-1
1.114000000E1 -2.639824906E0 -5.963833617E-1
1.117333333E1 -2.719628105E0 -8.403531402E-1
1.120666667E1 -2.815939165E0 -1.035711370E0
1.124000000E1 -2.830622953E0 -1.311784835E0
1.127333333E1 -2.878322465E0 -1.490635204E0
1.130666667E1 -2.861814604E0 -1.539246752E0
1.134000000E1 -2.941617802E0 -1.783216531E0
1.137333333E1 -2.891182181E0 -2.091393683E0
1.140666667E1 -2.889358108E0 -2.416078696E0
1.144000000E1 -3.018684891E0 -2.514213830E0
1.147333333E1 -3.342457868E0 -2.678380409E0
1.150666667E1 -3.391069417E0 -2.694888271E0
1.154000000E1 -3.877184900E0 -2.859966887E0
1.157333333E1 -4.136750504E0 -2.893894647E0
1.160666667E1 -4.671477536E0 -3.075481125E0
1.164000000E1 -5.094297683E0 -2.947978415E0
1.167333333E1 -5.207116605E0 -3.094725097E0
1.170666667E1 -5.465770172E0 -3.290995363E0
1.174000000E1 -5.773035287E0 -3.503773492E0
1.177333333E1 -5.967481481E0 -3.569804938E0
1.180666667E1 -6.095896228E0 -3.830282578E0
1.184000000E1 -6.257326698E0 -3.993537122E0
1.187333333E1 -6.580187638E0 -4.320046208E0
1.190666667E1 -6.887452754E0 -4.532824337E0
1.194000000E1 -6.918644404E0 -4.760286253E0
1.197333333E1 -7.096582736E0 -4.874929248E0
1.200666667E1 -7.356148339E0 -4.908857008E0
1.204000000E1 -7.615713943E0 -4.942784768E0
1.207333333E1 -8.089816435E0 -4.911187992E0
1.210666667E1 -8.334393909E0 -4.951215025E0
1.214000000E1 -8.656130183E0 -5.017444202E0
1.217333333E1 -9.043371817E0 -4.890776377E0
1.220666667E1 -9.249369891E0 -4.917702338E0
1.224000000E1 -9.596584493E0 -5.035611987E0
1.227333333E1 -9.854263039E0 -5.037059619E0
1.230666667E1 -9.840438150E0 -5.204478292E0
1.234000000E1 -9.916873135E0 -5.359519709E0
1.237333333E1 -9.993308119E0 -5.514561127E0
1.240666667E1 -9.876122286E0 -5.732936456E0
1.244000000E1 -9.887775726E0 -5.952035601E0
1.247333333E1 -9.950385822E0 -6.274495692E0
1.250666667E1 -9.949662006E0 -6.403334964E0
1.254000000E1 -9.962039262E0 -6.493594837E0
1.257333333E1 -9.974416518E0 -6.583854710E0
