#diamètre ; erreur diamètre ; période ; erreur période
2.19475		0.3224903099	0.5714285714	0.0714285714
3.541		0.0587281874	2		0.25
8.311		0.0656048779	7		1
3.7476666667	0.0966643678	2		0.1428571429
8.5003333333	0.2039607805	5		1
3.6703333333	0.1264911064	2.5		0.25
8.3936666667	0.0858836422	6.5		0.5
3.648		0.1379275172	2.3636363636	0.0909090909
3.7203333333	0.1236486959	3		0.5
4.2253333333	0.0858836422	1.0909090909	0.0909090909
4.3863333333	0.0617170965	1.0714285714	0.1428571429
3.9426666667	0.0434626276	1.5714285714	0.1428571429
6.485		0.124595345	2.75		0.5
